380	0.01714
380.5	0.01777
381	0.01743
381.5	0.01516
382	0.01767
382.5	0.019
383	0.01774
383.5	0.01697
384	0.01733
384.5	0.017
385	0.01723
385.5	0.01679
386	0.01557
386.5	0.0156
387	0.01858
387.5	0.01689
388	0.01675
388.5	0.01631
389	0.01345
389.5	0.01642
390	0.01564
390.5	0.0154
391	0.01479
391.5	0.0149
392	0.01316
392.5	0.01375
393	0.01249
393.5	0.01342
394	0.01345
394.5	0.01288
395	0.01423
395.5	0.01286
396	0.01199
396.5	0.01313
397	0.01333
397.5	0.0126
398	0.01093
398.5	0.01249
399	0.01074
399.5	0.00971
400	0.00924
400.5	0.01062
401	0.00899
401.5	0.01125
402	0.01077
402.5	0.00999
403	0.00859
403.5	0.00874
404	0.0091
404.5	0.00866
405	0.00882
405.5	0.00747
406	0.00916
406.5	0.00744
407	0.00697
407.5	0.00729
408	0.0074
408.5	0.00784
409	0.00758
409.5	0.00749
410	0.00678
410.5	0.00521
411	0.00679
411.5	0.00592
412	0.00562
412.5	0.00594
413	0.00609
413.5	0.0047
414	0.00614
414.5	0.00524
415	0.00394
415.5	0.00442
416	0.00486
416.5	0.0051
417	0.00521
417.5	0.00477
418	0.00449
418.5	0.00432
419	0.00456
419.5	0.00535
420	0.00491
420.5	0.00435
421	0.0049
421.5	0.0029
422	0.00402
422.5	0.00421
423	0.00325
423.5	0.0044
424	0.00297
424.5	0.00333
425	0.00281
425.5	0.00344
426	0.00403
426.5	0.0028
427	0.00241
427.5	0.00292
428	0.0028
428.5	0.00256
429	0.00264
429.5	0.00304
430	0.00244
430.5	0.00213
431	0.00268
431.5	0.00106
432	0.00236
432.5	0.00248
433	0.00145
433.5	0.00117
434	0.00244
434.5	0.00161
435	0.00228
435.5	0.0022
436	0.00129
436.5	0.00113
437	0.00161
437.5	0.00196
438	0.00216
438.5	0.00165
439	0.00102
439.5	0.00208
440	0.00189
440.5	0.00114
441	9.01578E-4
441.5	0.00126
442	0.00106
442.5	0.00134
443	0.00135
443.5	9.49008E-4
444	0.00107
444.5	7.12828E-4
445	0.00119
445.5	0.00112
446	9.16819E-4
446.5	0.0012
447	0.00132
447.5	6.80693E-4
448	8.02447E-4
448.5	0
449	0.00161
449.5	0.00109
450	0.00149
450.5	0.00101
451	9.31687E-4
451.5	6.50158E-4
452	0.00102
452.5	2.47586E-4
453	0.00114
453.5	9.38407E-4
454	7.77429E-4
454.5	7.38022E-4
455	8.88191E-5
455.5	8.22785E-4
456	3.35787E-4
456.5	0.00144
457	8.2966E-4
457.5	4.63289E-4
458	0.00149
458.5	0.00154
459	8.38826E-4
459.5	7.99904E-4
460	1.4171E-4
460.5	0.00109
461	6.82647E-4
461.5	7.67773E-4
462	0.00168
462.5	8.55605E-4
463	0.00148
463.5	8.60484E-4
464	0.00157
464.5	9.49118E-4
465	9.09746E-4
465.5	0.00243
466	0.00125
466.5	0.00147
467	0.00177
467.5	0.00233
468	0.00187
468.5	0.00256
469	0.00222
469.5	0.0036
470	0.00326
470.5	0.00409
471	0.00402
471.5	0.00377
472	0.0034
472.5	0.00545
473	0.00403
473.5	0.0061
474	0.00678
474.5	0.00548
475	0.00686
475.5	0.00772
476	0.00911
476.5	0.00966
477	0.01
477.5	0.01145
478	0.0121
478.5	0.01284
479	0.01395
479.5	0.01546
480	0.01599
480.5	0.01647
481	0.02044
481.5	0.02006
482	0.02028
482.5	0.02504
483	0.026
483.5	0.02805
484	0.0281
484.5	0.03345
485	0.03479
485.5	0.03743
486	0.03645
486.5	0.04261
487	0.04768
487.5	0.0518
488	0.05667
488.5	0.05915
489	0.06652
489.5	0.06642
490	0.07734
490.5	0.07967
491	0.08918
491.5	0.09755
492	0.10397
492.5	0.11277
493	0.1308
493.5	0.13324
494	0.15056
494.5	0.15892
495	0.17359
495.5	0.1891
496	0.20129
496.5	0.21967
497	0.23007
497.5	0.24379
498	0.26157
498.5	0.27831
499	0.29756
499.5	0.32208
500	0.33437
500.5	0.36381
501	0.38176
501.5	0.40278
502	0.42198
502.5	0.43512
503	0.46189
503.5	0.49234
504	0.50821
504.5	0.53339
505	0.56063
505.5	0.58631
506	0.61499
506.5	0.63497
507	0.64427
507.5	0.67501
508	0.69931
508.5	0.72619
509	0.74132
509.5	0.75101
510	0.77859
510.5	0.82051
511	0.82893
511.5	0.84612
512	0.84867
512.5	0.87352
513	0.88457
513.5	0.90032
514	0.9184
514.5	0.93482
515	0.94505
515.5	0.95101
516	0.95296
516.5	0.96346
517	0.96745
517.5	0.9777
518	0.97856
518.5	1
519	0.97889
519.5	0.98123
520	0.9835
520.5	0.99651
521	0.99488
521.5	0.97355
522	0.98273
522.5	0.98616
523	0.9969
523.5	0.97063
524	0.97203
524.5	0.97051
525	0.95285
525.5	0.96194
526	0.96656
526.5	0.92889
527	0.94521
527.5	0.93942
528	0.92796
528.5	0.91664
529	0.9304
529.5	0.91996
530	0.90693
530.5	0.89089
531	0.90456
531.5	0.87703
532	0.87665
532.5	0.87086
533	0.87265
533.5	0.85505
534	0.84685
534.5	0.84295
535	0.8334
535.5	0.82676
536	0.83518
536.5	0.82445
537	0.8182
537.5	0.81262
538	0.79643
538.5	0.81046
539	0.79739
539.5	0.79753
540	0.77851
540.5	0.78626
541	0.78482
541.5	0.77473
542	0.77433
542.5	0.7675
543	0.77001
543.5	0.75832
544	0.76321
544.5	0.75986
545	0.76073
545.5	0.74883
546	0.73721
546.5	0.73608
547	0.72894
547.5	0.74202
548	0.72713
548.5	0.72639
549	0.74381
549.5	0.72536
550	0.7179
550.5	0.71887
551	0.71517
551.5	0.70502
552	0.70412
552.5	0.70606
553	0.69081
553.5	0.71006
554	0.69799
554.5	0.6993
555	0.68552
555.5	0.6827
556	0.68012
556.5	0.67115
557	0.68307
557.5	0.6693
558	0.6512
558.5	0.66305
559	0.64237
559.5	0.61957
560	0.62087
560.5	0.62236
561	0.62114
561.5	0.61136
562	0.61144
562.5	0.59979
563	0.60885
563.5	0.59325
564	0.58394
564.5	0.56874
565	0.56844
565.5	0.56831
566	0.56329
566.5	0.55681
567	0.54972
567.5	0.54239
568	0.53793
568.5	0.52811
569	0.52734
569.5	0.51797
570	0.50922
570.5	0.50098
571	0.49871
571.5	0.4932
572	0.47832
572.5	0.47788
573	0.47606
573.5	0.45631
574	0.44659
574.5	0.44686
575	0.45362
575.5	0.44483
576	0.43645
576.5	0.42348
577	0.4324
577.5	0.42121
578	0.41482
578.5	0.40819
579	0.40447
579.5	0.39499
580	0.3909
580.5	0.3854
581	0.38139
581.5	0.37273
582	0.3604
582.5	0.36468
583	0.37083
583.5	0.35529
584	0.34112
584.5	0.34311
585	0.34376
585.5	0.33536
586	0.33769
586.5	0.34447
587	0.31588
587.5	0.31933
588	0.32252
588.5	0.30856
589	0.30232
589.5	0.29843
590	0.29757
590.5	0.29709
591	0.29079
591.5	0.29637
592	0.28055
592.5	0.29018
593	0.27428
593.5	0.2719
594	0.27852
594.5	0.27679
595	0.27882
595.5	0.27378
596	0.26224
596.5	0.26325
597	0.2609
597.5	0.25237
598	0.2551
598.5	0.24046
599	0.24053
599.5	0.23505
600	0.24095
600.5	0.22218
601	0.23154
601.5	0.22527
602	0.21749
602.5	0.23469
603	0.22021
603.5	0.21813
604	0.21938
604.5	0.2099
605	0.20751
605.5	0.20451
606	0.20297
606.5	0.19925
607	0.1984
607.5	0.19114
608	0.18619
608.5	0.18425
609	0.18866
609.5	0.18084
610	0.1716
610.5	0.17333
611	0.17473
611.5	0.17659
612	0.1679
612.5	0.16698
613	0.16937
613.5	0.17385
614	0.16457
614.5	0.15997
615	0.15987
615.5	0.15962
616	0.15473
616.5	0.14941
617	0.15338
617.5	0.15002
618	0.1442
618.5	0.14756
619	0.14373
619.5	0.14292
620	0.13615
620.5	0.13626
621	0.14026
621.5	0.13634
622	0.13732
622.5	0.13153
623	0.12886
623.5	0.12215
624	0.12654
624.5	0.11919
625	0.11621
625.5	0.11458
626	0.11572
626.5	0.11712
627	0.11706
627.5	0.11426
628	0.11087
628.5	0.10083
629	0.11142
629.5	0.10793
630	0.10564
630.5	0.10205
631	0.09115
631.5	0.10299
632	0.09826
632.5	0.10158
633	0.08782
633.5	0.09671
634	0.09264
634.5	0.08971
635	0.09891
635.5	0.08457
636	0.08848
636.5	0.08632
637	0.08229
637.5	0.08237
638	0.08184
638.5	0.08503
639	0.07777
639.5	0.08191
640	0.07551
640.5	0.07872
641	0.07862
641.5	0.07338
642	0.06842
642.5	0.07197
643	0.07685
643.5	0.0684
644	0.0792
644.5	0.07709
645	0.06769
645.5	0.06518
646	0.06883
646.5	0.0611
647	0.06408
647.5	0.06489
648	0.06332
648.5	0.0602
649	0.05584
649.5	0.05627
650	0.05929
650.5	0.05522
651	0.05512
651.5	0.04888
652	0.05562
652.5	0.05233
653	0.05932
653.5	0.05441
654	0.05107
654.5	0.0603
655	0.05188
655.5	0.05454
656	0.04699
656.5	0.05223
657	0.05363
657.5	0.045
658	0.04862
658.5	0.0519
659	0.04217
659.5	0.05153
660	0.04531
660.5	0.04538
661	0.04312
661.5	0.04919
662	0.04516
662.5	0.04167
663	0.0502
663.5	0.04213
664	0.04056
664.5	0.04921
665	0.0408
665.5	0.0374
666	0.03886
666.5	0.04012
667	0.04182
667.5	0.04166
668	0.03919
668.5	0.03879
669	0.03924
669.5	0.03841
670	0.03692
670.5	0.04343
671	0.03482
671.5	0.03812
672	0.03266
672.5	0.03443
673	0.03555
673.5	0.0313
674	0.0315
674.5	0.03125
675	0.03443
675.5	0.02868
676	0.03004
676.5	0.03258
677	0.03069
677.5	0.0316
678	0.03729
678.5	0.03298
679	0.03007
679.5	0.03391
680	0.03047
680.5	0.02626
681	0.02546
681.5	0.02789
682	0.02206
682.5	0.03511
683	0.03256
683.5	0.03022
684	0.0294
684.5	0.03298
685	0.03007
685.5	0.02292
686	0.03529
686.5	0.03288
687	0.03392
687.5	0.03091
688	0.02731
688.5	0.02861
689	0.02881
689.5	0.03821
690	0.03258
660.5	0.00152
661	0.00429
661.5	0.00165
662	-4.22974E-4
662.5	0.00337
663	0.00329
663.5	0.00121
664	0.00282
664.5	0.00136
665	0.00198
665.5	0.00697
666	0.00433
666.5	9.78095E-4
667	0.00105
667.5	0.00341
668	0.00252
668.5	0.00154
669	0.00326
669.5	-9.17611E-4
670	2.91724E-4
670.5	0.00414
671	0.00128
671.5	4.33605E-4
672	2.65791E-5
672.5	0.00219
673	5.33225E-4
673.5	0.00417
674	0.00195
674.5	0.00306
675	0.00489
675.5	0.005
676	0.00228
676.5	0.00166
677	0.0034
677.5	0.00168
678	-0.00251
678.5	0.00331
679	0.00297
679.5	0.00117
680	0.00147
680.5	-6.55789E-4
681	8.15281E-4
681.5	0.00242
682	0.00183
682.5	0.00206
683	0.00128
683.5	0.00414
684	-2.24558E-4
684.5	-3.395E-4
685	0.00365
685.5	0.00274
686	0.00252
686.5	-0.00185
687	-6.44676E-4
687.5	-9.34247E-4
688	9.01131E-4
688.5	0.00173
689	7.31275E-4
689.5	0.00145
690	3.20769E-4
690.5	0.0024
691	9.55552E-4
691.5	-7.26761E-4
692	-8.24366E-4
692.5	0.0019
693	5.65116E-4
693.5	0.00227
694	0.00171
694.5	0.00296
695	-0.00288
695.5	2.21375E-4
696	0.0041
696.5	0.00207
697	0.00331
697.5	0.00293
698	1.60956E-4
698.5	0.00134
699	0.00166
699.5	-0.00167
700	0.00352
700.5	-9.44476E-5
701	0.00179
701.5	0.00416
702	0.00414
702.5	0.00125
703	-0.00268
703.5	0.00313
704	0.00212
704.5	0.00127
705	9.72476E-4
705.5	3.88462E-4
706	1.84475E-4
706.5	5.05973E-4
707	-7.53124E-4
707.5	0.00196
708	0.00188
708.5	-5.01657E-4
709	0.00296
709.5	-7.03318E-4
710	0.00306
710.5	0.00371
711	-0.00218
711.5	-3.60469E-4
712	1.05998E-4
712.5	0.00164
713	0.00705
713.5	-0.00173
714	0.00229
714.5	0.00252
715	-5.0548E-4
715.5	0.00308
716	7.44943E-4
716.5	0.00202
717	9.14743E-4
717.5	0.00231
718	-5.27335E-4
718.5	0.00143
719	2.08943E-4
719.5	-0.00166
720	0.0049
720.5	0.00351
721	7.33249E-4
721.5	-9.93451E-4
722	0.00345
722.5	0
723	0.00146
723.5	0.00231
724	1.30868E-4
724.5	0.0029
725	8.32239E-4
725.5	0.00146
726	0.00173
726.5	-0.00137
727	0.00149
727.5	0.00238
728	-0.00225
728.5	6.68908E-4
729	4.22172E-4
729.5	4.47416E-4
730	-0.00178
730.5	-0.00126
731	7.70317E-4
731.5	0.00369
732	0.00304
732.5	0.00161
733	3.56198E-4
733.5	0.00193
734	0.00303
734.5	5.37106E-4
735	0.00292
735.5	-0.00177
736	-0.00254
736.5	-3.46936E-4
737	0.00414
737.5	0.00639
738	0.00247
738.5	-0.00113
739	4.38842E-4
739.5	6.12943E-4
740	0.00185
740.5	0.00374
741	-0.0017
741.5	0.00269
742	0.00626
742.5	2.57192E-4
743	0.00164
743.5	0.00361
744	-5.29539E-4
744.5	0.00158
745	0.00389
745.5	0.00254
746	0.00103
746.5	0.0019
747	0.00168
747.5	-6.72627E-4
748	-9.94096E-4
748.5	-1.38669E-4
749	0.00246
749.5	0.00613
750	-0.00142
750.5	9.40737E-4
751	-2.70194E-4
751.5	0.002
752	0.00361
752.5	0.00534
753	0.00335
753.5	0.00388
754	-5.53685E-4
754.5	-0.00199
755	0.00297
755.5	6.49717E-4
756	0.00324
756.5	0.00135
757	-0.00346
757.5	-5.28493E-4
758	0.00104
758.5	0.00204
759	0.00633
759.5	0.00393
760	-0.00249
760.5	-5.72378E-4
761	0.00196
761.5	-0.00189
762	5.77112E-4
762.5	0.00644
763	6.83222E-4
763.5	0.00397
764	0.00338
764.5	3.60577E-4
765	9.03128E-4
765.5	0.00215
766	0.00418
766.5	-0.0025
767	5.77067E-4
767.5	5.90263E-4
768	-0.00129
768.5	0.00149
769	0.00394
769.5	-3.94751E-5
770	0.00138
770.5	0.00739
771	3.4751E-4
771.5	0.00518
772	0.00116
772.5	0.00246
773	-8.87512E-4
773.5	-0.00344
774	7.42351E-4
774.5	0.00472
775	0.0073
775.5	0.00224
776	-0.00796
776.5	-7.63006E-4
777	0.00544
777.5	0.0052
778	0.00198
778.5	-9.97745E-4
779	-0.00328
779.5	0.00132
780	0.00422
780.5	0.00151
781	-7.5322E-4
781.5	0.00139
782	0.0048
782.5	-0.00285
783	-0.00103
783.5	1.0904E-4
784	-0.00134
784.5	0.00374
785	-0.00242
785.5	-0.0022
786	0.0039
786.5	-0.00134
787	0.00239
787.5	-0.00163
788	0.00369
788.5	0.00126
789	0.00293
789.5	0.00406
790	0.00783
790.5	0.0077
791	-0.00366
791.5	-0.0097
792	0.00326
792.5	0.00109
793	-6.95985E-4
793.5	0.00461
794	-9.41759E-4
794.5	0.00173
795	0.00322
795.5	-0.00466
796	-0.00451
796.5	-0.00137
797	-1.14717E-4
797.5	0.0037
798	3.63193E-4
798.5	0.00398
799	0.00399
799.5	0.00504
800	0.00105
800.5	-0.00419
801	0.00261
801.5	0.00512
802	2.70881E-4
802.5	4.02479E-4
803	-0.00657
803.5	-0.00375
804	-0.00186
804.5	1.29036E-4
805	-0.00303
805.5	3.70694E-5
806	-0.00103
806.5	0.00292
807	-7.47848E-4
807.5	-0.00172
808	0.00672
808.5	0.01477
809	0.00135
809.5	-0.00361
810	0.00762
810.5	-0.002
811	0.00894
811.5	-0.00329
812	0.00136
812.5	0.00205
813	0.00276
813.5	-0.0035
814	-0.00211
814.5	0.00445
815	-0.00277
815.5	0.00558
816	0.00262
816.5	0.00335
817	-0.002
817.5	0.00171
818	1.65232E-4
818.5	0.00696
819	0.00239
819.5	0.01077
820	0.0054
820.5	-0.00139
821	0.00286
821.5	0.011
822	8.04286E-4
822.5	-0.00841
823	0.00322
823.5	5.64144E-4
824	0.0074
824.5	0.00976
825	-0.00646
825.5	-0.00193
826	0.00588
826.5	-0.00338
827	0.00536
827.5	0.0066
828	-0.00185
828.5	0.0159
829	-0.02353
829.5	0.00157
830	0.00813
830.5	0.00957
831	0.00717
831.5	0.01033
832	7.51244E-4
832.5	-8.27581E-4
833	0.00867
833.5	0.00898
834	-4.34226E-4
834.5	0.01984
835	0.00789
835.5	-0.00291
836	0.01006
836.5	0.01742
837	-3.07123E-4
837.5	0.00348
838	0.01372
838.5	0.00855
839	0.01347
839.5	-0.00402
840	-0.00749
840.5	0.01815
841	0.02017
841.5	0.00207
842	-0.00399
842.5	0.01298
843	-0.00655
843.5	-0.0015
844	0.00801
844.5	-0.01001
845	0.00967
845.5	-0.00673
846	-0.01213
846.5	-0.00632
847	0.01928
847.5	-0.02111
848	-0.01214
848.5	0.01192
849	-0.00395
849.5	-0.00539
850	-0.00508
850.5	-0.0051
851	0.00994
851.5	0.01294
852	-0.00421
852.5	0.00973
853	0.03627
853.5	0.01155
854	-0.00281
854.5	0.00355
855	0.00993
855.5	0.02089
856	0.00422
856.5	-0.00661
857	0.00334
857.5	-0.00538
858	0.0282
858.5	0.01152
859	0.00788
859.5	0.00759
860	-8.44859E-4
