380	1.4E-3	0	6.5E-3
381	1.56E-3	2E-5	7.3E-3
382	1.72E-3	4E-5	8.1E-3
383	1.88E-3	6E-5	8.9E-3
384	2.04E-3	8E-5	9.7E-3
385	2.2E-3	1E-4	1.05E-2
386	2.6E-3	1E-4	1.242E-2
387	3E-3	1E-4	1.434E-2
388	3.4E-3	1E-4	1.626E-2
389	3.8E-3	1E-4	1.818E-2
390	4.2E-3	1E-4	2.01E-2
391	4.88E-3	1.2E-4	2.332E-2
392	5.56E-3	1.4E-4	2.654E-2
393	6.24E-3	1.6E-4	2.976E-2
394	6.92E-3	1.8E-4	3.298E-2
395	7.6E-3	2E-4	3.62E-2
396	8.94E-3	2.4E-4	4.254E-2
397	1.028E-2	2.8E-4	4.888E-2
398	1.162E-2	3.2E-4	5.522E-2
399	1.296E-2	3.6E-4	6.156E-2
400	1.43E-2	4E-4	6.79E-2
401	1.608E-2	4.4E-4	7.636E-2
402	1.786E-2	4.8E-4	8.482E-2
403	1.964E-2	5.2E-4	9.328E-2
404	2.142E-2	5.6E-4	1.0174E-1
405	2.32E-2	6E-4	1.102E-1
406	2.726E-2	7.2E-4	1.2964E-1
407	3.132E-2	8.4E-4	1.4908E-1
408	3.538E-2	9.6E-4	1.6852E-1
409	3.944E-2	1.08E-3	1.8796E-1
410	4.35E-2	1.2E-3	2.074E-1
411	5.032E-2	1.4E-3	2.4018E-1
412	5.714E-2	1.6E-3	2.7296E-1
413	6.396E-2	1.8E-3	3.0574E-1
414	7.078E-2	2E-3	3.3852E-1
415	7.76E-2	2.2E-3	3.713E-1
416	8.896E-2	2.56E-3	4.2616E-1
417	1.0032E-1	2.92E-3	4.8102E-1
418	1.1168E-1	3.28E-3	5.3588E-1
419	1.2304E-1	3.64E-3	5.9074E-1
420	1.344E-1	4E-3	6.456E-1
421	1.5048E-1	4.66E-3	7.243E-1
422	1.6656E-1	5.32E-3	8.03E-1
423	1.8264E-1	5.98E-3	8.817E-1
424	1.9872E-1	6.64E-3	9.604E-1
425	2.148E-1	7.3E-3	1.0391
426	2.2862E-1	8.16E-3	1.1084
427	2.4244E-1	9.02E-3	1.1777
428	2.5626E-1	9.88E-3	1.247
429	2.7008E-1	1.074E-2	1.3163
430	2.839E-1	1.16E-2	1.3856
431	2.9282E-1	1.264E-2	1.43308
432	3.0174E-1	1.368E-2	1.48056
433	3.1066E-1	1.472E-2	1.52804
434	3.1958E-1	1.576E-2	1.57552
435	3.285E-1	1.68E-2	1.623
436	3.3246E-1	1.804E-2	1.64782
437	3.3642E-1	1.928E-2	1.67264
438	3.4038E-1	2.052E-2	1.69746
439	3.4434E-1	2.176E-2	1.72228
440	3.483E-1	2.3E-2	1.7471
441	3.4826E-1	2.436E-2	1.7542
442	3.4822E-1	2.572E-2	1.7613
443	3.4818E-1	2.708E-2	1.7684
444	3.4814E-1	2.844E-2	1.7755
445	3.481E-1	2.98E-2	1.7826
446	3.4572E-1	3.144E-2	1.7805
447	3.4334E-1	3.308E-2	1.7784
448	3.4096E-1	3.472E-2	1.7763
449	3.3858E-1	3.636E-2	1.7742
450	3.362E-1	3.8E-2	1.7721
451	3.327E-1	4E-2	1.7665
452	3.292E-1	4.2E-2	1.7609
453	3.257E-1	4.4E-2	1.7553
454	3.222E-1	4.6E-2	1.7497
455	3.187E-1	4.8E-2	1.7441
456	3.1312E-1	5.04E-2	1.72912
457	3.0754E-1	5.28E-2	1.71414
458	3.0196E-1	5.52E-2	1.69916
459	2.9638E-1	5.76E-2	1.68418
460	2.908E-1	6E-2	1.6692
461	2.8286E-1	6.278E-2	1.64098
462	2.7492E-1	6.556E-2	1.61276
463	2.6698E-1	6.834E-2	1.58454
464	2.5904E-1	7.112E-2	1.55632
465	2.511E-1	7.39E-2	1.5281
466	2.3996E-1	7.732E-2	1.48
467	2.2882E-1	8.074E-2	1.4319
468	2.1768E-1	8.416E-2	1.3838
469	2.0654E-1	8.758E-2	1.3357
470	1.954E-1	9.1E-2	1.2876
471	1.8474E-1	9.532E-2	1.23846
472	1.7408E-1	9.964E-2	1.18932
473	1.6342E-1	1.0396E-1	1.14018
474	1.5276E-1	1.0828E-1	1.09104
475	1.421E-1	1.126E-1	1.0419
476	1.328E-1	1.1788E-1	9.9612E-1
477	1.235E-1	1.2316E-1	9.5034E-1
478	1.142E-1	1.2844E-1	9.0456E-1
479	1.049E-1	1.3372E-1	8.5878E-1
480	9.56E-2	1.39E-1	8.13E-1
481	8.808E-2	1.4506E-1	7.7364E-1
482	8.056E-2	1.5112E-1	7.3428E-1
483	7.304E-2	1.5718E-1	6.9492E-1
484	6.552E-2	1.6324E-1	6.5556E-1
485	5.8E-2	1.693E-1	6.162E-1
486	5.28E-2	1.7704E-1	5.86E-1
487	4.76E-2	1.8478E-1	5.558E-1
488	4.24E-2	1.9252E-1	5.256E-1
489	3.72E-2	2.0026E-1	4.954E-1
490	3.2E-2	2.08E-1	4.652E-1
491	2.854E-2	2.1812E-1	4.4282E-1
492	2.508E-2	2.2824E-1	4.2044E-1
493	2.162E-2	2.3836E-1	3.9806E-1
494	1.816E-2	2.4848E-1	3.7568E-1
495	1.47E-2	2.586E-1	3.533E-1
496	1.274E-2	2.7148E-1	3.3704E-1
497	1.078E-2	2.8436E-1	3.2078E-1
498	8.82E-3	2.9724E-1	3.0452E-1
499	6.86E-3	3.1012E-1	2.8826E-1
500	4.9E-3	3.23E-1	2.72E-1
501	4.4E-3	3.3986E-1	2.6006E-1
502	3.9E-3	3.5672E-1	2.4812E-1
503	3.4E-3	3.7358E-1	2.3618E-1
504	2.9E-3	3.9044E-1	2.2424E-1
505	2.4E-3	4.073E-1	2.123E-1
506	3.78E-3	4.2644E-1	2.0148E-1
507	5.16E-3	4.4558E-1	1.9066E-1
508	6.54E-3	4.6472E-1	1.7984E-1
509	7.92E-3	4.8386E-1	1.6902E-1
510	9.3E-3	5.03E-1	1.582E-1
511	1.326E-2	5.2404E-1	1.489E-1
512	1.722E-2	5.4508E-1	1.396E-1
513	2.118E-2	5.6612E-1	1.303E-1
514	2.514E-2	5.8716E-1	1.21E-1
515	2.91E-2	6.082E-1	1.117E-1
516	3.594E-2	6.2856E-1	1.05E-1
517	4.278E-2	6.4892E-1	9.83E-2
518	4.962E-2	6.6928E-1	9.16E-2
519	5.646E-2	6.8964E-1	8.49E-2
520	6.33E-2	7.1E-1	7.82E-2
521	7.256E-2	7.2664E-1	7.402E-2
522	8.182E-2	7.4328E-1	6.984E-2
523	9.108E-2	7.5992E-1	6.566E-2
524	1.0034E-1	7.7656E-1	6.148E-2
525	1.096E-1	7.932E-1	5.73E-2
526	1.2078E-1	8.0696E-1	5.428E-2
527	1.3196E-1	8.2072E-1	5.126E-2
528	1.4314E-1	8.3448E-1	4.824E-2
529	1.5432E-1	8.4824E-1	4.522E-2
530	1.655E-1	8.62E-1	4.22E-2
531	1.7754E-1	8.7258E-1	3.972E-2
532	1.8958E-1	8.8316E-1	3.724E-2
533	2.0162E-1	8.9374E-1	3.476E-2
534	2.1366E-1	9.0432E-1	3.228E-2
535	2.257E-1	9.149E-1	2.98E-2
536	2.3864E-1	9.2272E-1	2.79E-2
537	2.5158E-1	9.3054E-1	2.6E-2
538	2.6452E-1	9.3836E-1	2.41E-2
539	2.7746E-1	9.4618E-1	2.22E-2
540	2.904E-1	9.54E-1	2.03E-2
541	3.0426E-1	9.5926E-1	1.892E-2
542	3.1812E-1	9.6452E-1	1.754E-2
543	3.3198E-1	9.6978E-1	1.616E-2
544	3.4584E-1	9.7504E-1	1.478E-2
545	3.597E-1	9.803E-1	1.34E-2
546	3.7444E-1	9.8324E-1	1.246E-2
547	3.8918E-1	9.8618E-1	1.152E-2
548	4.0392E-1	9.8912E-1	1.058E-2
549	4.1866E-1	9.9206E-1	9.64E-3
550	4.334E-1	9.95E-1	8.7E-3
551	4.4914E-1	9.96E-1	8.1E-3
552	4.6488E-1	9.97E-1	7.5E-3
553	4.8062E-1	9.98E-1	6.9E-3
554	4.9636E-1	9.99E-1	6.3E-3
555	5.121E-1	1	5.7E-3
556	5.2858E-1	9.99E-1	5.34E-3
557	5.4506E-1	9.98E-1	4.98E-3
558	5.6154E-1	9.97E-1	4.62E-3
559	5.7802E-1	9.96E-1	4.26E-3
560	5.945E-1	9.95E-1	3.9E-3
561	6.1128E-1	9.9172E-1	3.66E-3
562	6.2806E-1	9.8844E-1	3.42E-3
563	6.4484E-1	9.8516E-1	3.18E-3
564	6.6162E-1	9.8188E-1	2.94E-3
565	6.784E-1	9.786E-1	2.7E-3
566	6.9514E-1	9.7328E-1	2.58E-3
567	7.1188E-1	9.6796E-1	2.46E-3
568	7.2862E-1	9.6264E-1	2.34E-3
569	7.4536E-1	9.5732E-1	2.22E-3
570	7.621E-1	9.52E-1	2.1E-3
571	7.7818E-1	9.4468E-1	2.04E-3
572	7.9426E-1	9.3736E-1	1.98E-3
573	8.1034E-1	9.3004E-1	1.92E-3
574	8.2642E-1	9.2272E-1	1.86E-3
575	8.425E-1	9.154E-1	1.8E-3
576	8.5726E-1	9.0632E-1	1.78E-3
577	8.7202E-1	8.9724E-1	1.76E-3
578	8.8678E-1	8.8816E-1	1.74E-3
579	9.0154E-1	8.7908E-1	1.72E-3
580	9.163E-1	8.7E-1	1.7E-3
581	9.2876E-1	8.5926E-1	1.64E-3
582	9.4122E-1	8.4852E-1	1.58E-3
583	9.5368E-1	8.3778E-1	1.52E-3
584	9.6614E-1	8.2704E-1	1.46E-3
585	9.786E-1	8.163E-1	1.4E-3
586	9.8814E-1	8.0444E-1	1.34E-3
587	9.9768E-1	7.9258E-1	1.28E-3
588	1.00722	7.8072E-1	1.22E-3
589	1.01676	7.6886E-1	1.16E-3
590	1.0263	7.57E-1	1.1E-3
591	1.03238	7.4458E-1	1.08E-3
592	1.03846	7.3216E-1	1.06E-3
593	1.04454	7.1974E-1	1.04E-3
594	1.05062	7.0732E-1	1.02E-3
595	1.0567	6.949E-1	1E-3
596	1.0578	6.8212E-1	9.6E-4
597	1.0589	6.6934E-1	9.2E-4
598	1.06	6.5656E-1	8.8E-4
599	1.0611	6.4378E-1	8.4E-4
600	1.0622	6.31E-1	8E-4
601	1.05888	6.1816E-1	7.6E-4
602	1.05556	6.0532E-1	7.2E-4
603	1.05224	5.9248E-1	6.8E-4
604	1.04892	5.7964E-1	6.4E-4
605	1.0456	5.668E-1	6E-4
606	1.037	5.5404E-1	5.4E-4
607	1.0284	5.4128E-1	4.8E-4
608	1.0198	5.2852E-1	4.2E-4
609	1.0112	5.1576E-1	3.6E-4
610	1.0026	5.03E-1	3E-4
611	9.8976E-1	4.9064E-1	2.8E-4
612	9.7692E-1	4.7828E-1	2.6E-4
613	9.6408E-1	4.6592E-1	2.4E-4
614	9.5124E-1	4.5356E-1	2.2E-4
615	9.384E-1	4.412E-1	2E-4
616	9.216E-1	4.2916E-1	2E-4
617	9.048E-1	4.1712E-1	2E-4
618	8.88E-1	4.0508E-1	2E-4
619	8.712E-1	3.9304E-1	2E-4
620	8.544E-1	3.81E-1	2E-4
621	8.338E-1	3.69E-1	1.8E-4
622	8.132E-1	3.57E-1	1.6E-4
623	7.926E-1	3.45E-1	1.4E-4
624	7.72E-1	3.33E-1	1.2E-4
625	7.514E-1	3.21E-1	1E-4
626	7.296E-1	3.098E-1	8E-5
627	7.078E-1	2.986E-1	6E-5
628	6.86E-1	2.874E-1	4E-5
629	6.642E-1	2.762E-1	2E-5
630	6.424E-1	2.65E-1	0
631	6.223E-1	2.554E-1	0
632	6.022E-1	2.458E-1	0
633	5.821E-1	2.362E-1	0
634	5.62E-1	2.266E-1	0
635	5.419E-1	2.17E-1	0
636	5.231E-1	2.086E-1	0
637	5.043E-1	2.002E-1	0
638	4.855E-1	1.918E-1	0
639	4.667E-1	1.834E-1	0
640	4.479E-1	1.75E-1	0
641	4.3048E-1	1.6764E-1	0
642	4.1306E-1	1.6028E-1	0
643	3.9564E-1	1.5292E-1	0
644	3.7822E-1	1.4556E-1	0
645	3.608E-1	1.382E-1	0
646	3.4534E-1	1.3196E-1	0
647	3.2988E-1	1.2572E-1	0
648	3.1442E-1	1.1948E-1	0
649	2.9896E-1	1.1324E-1	0
650	2.835E-1	1.07E-1	0
651	2.7054E-1	1.0192E-1	0
652	2.5758E-1	9.684E-2	0
653	2.4462E-1	9.176E-2	0
654	2.3166E-1	8.668E-2	0
655	2.187E-1	8.16E-2	0
656	2.0794E-1	7.748E-2	0
657	1.9718E-1	7.336E-2	0
658	1.8642E-1	6.924E-2	0
659	1.7566E-1	6.512E-2	0
660	1.649E-1	6.1E-2	0
661	1.5616E-1	5.772E-2	0
662	1.4742E-1	5.444E-2	0
663	1.3868E-1	5.116E-2	0
664	1.2994E-1	4.788E-2	0
665	1.212E-1	4.46E-2	0
666	1.1444E-1	4.208E-2	0
667	1.0768E-1	3.956E-2	0
668	1.0092E-1	3.704E-2	0
669	9.416E-2	3.452E-2	0
670	8.74E-2	3.2E-2	0
671	8.264E-2	3.024E-2	0
672	7.788E-2	2.848E-2	0
673	7.312E-2	2.672E-2	0
674	6.836E-2	2.496E-2	0
675	6.36E-2	2.32E-2	0
676	6.024E-2	2.196E-2	0
677	5.688E-2	2.072E-2	0
678	5.352E-2	1.948E-2	0
679	5.016E-2	1.824E-2	0
680	4.68E-2	1.7E-2	0
681	4.402E-2	1.598E-2	0
682	4.124E-2	1.496E-2	0
683	3.846E-2	1.394E-2	0
684	3.568E-2	1.292E-2	0
685	3.29E-2	1.19E-2	0
686	3.086E-2	1.116E-2	0
687	2.882E-2	1.042E-2	0
688	2.678E-2	9.68E-3	0
689	2.474E-2	8.94E-3	0
690	2.27E-2	8.2E-3	0
691	2.132E-2	7.7E-3	0
692	1.994E-2	7.2E-3	0
693	1.856E-2	6.7E-3	0
694	1.718E-2	6.2E-3	0
695	1.58E-2	5.7E-3	0
696	1.492E-2	5.38E-3	0
697	1.404E-2	5.06E-3	0
698	1.316E-2	4.74E-3	0
699	1.228E-2	4.42E-3	0
700	1.14E-2	4.1E-3	0
701	1.074E-2	3.86E-3	0
702	1.008E-2	3.62E-3	0
703	9.42E-3	3.38E-3	0
704	8.76E-3	3.14E-3	0
705	8.1E-3	2.9E-3	0
706	7.64E-3	2.74E-3	0
707	7.18E-3	2.58E-3	0
708	6.72E-3	2.42E-3	0
709	6.26E-3	2.26E-3	0
710	5.8E-3	2.1E-3	0
711	5.46E-3	1.98E-3	0
712	5.12E-3	1.86E-3	0
713	4.78E-3	1.74E-3	0
714	4.44E-3	1.62E-3	0
715	4.1E-3	1.5E-3	0
716	3.86E-3	1.4E-3	0
717	3.62E-3	1.3E-3	0
718	3.38E-3	1.2E-3	0
719	3.14E-3	1.1E-3	0
720	2.9E-3	1E-3	0
721	2.72E-3	9.4E-4	0
722	2.54E-3	8.8E-4	0
723	2.36E-3	8.2E-4	0
724	2.18E-3	7.6E-4	0
725	2E-3	7E-4	0
726	1.88E-3	6.6E-4	0
727	1.76E-3	6.2E-4	0
728	1.64E-3	5.8E-4	0
729	1.52E-3	5.4E-4	0
730	1.4E-3	5E-4	0
731	1.32E-3	4.8E-4	0
732	1.24E-3	4.6E-4	0
733	1.16E-3	4.4E-4	0
734	1.08E-3	4.2E-4	0
735	1E-3	4E-4	0
736	9.4E-4	3.6E-4	0
737	8.8E-4	3.2E-4	0
738	8.2E-4	2.8E-4	0
739	7.6E-4	2.4E-4	0
740	7E-4	2E-4	0
741	6.6E-4	2E-4	0
742	6.2E-4	2E-4	0
743	5.8E-4	2E-4	0
744	5.4E-4	2E-4	0
745	5E-4	2E-4	0
746	4.6E-4	1.8E-4	0
747	4.2E-4	1.6E-4	0
748	3.8E-4	1.4E-4	0
749	3.4E-4	1.2E-4	0
750	3E-4	1E-4	0
751	2.8E-4	1E-4	0
752	2.6E-4	1E-4	0
753	2.4E-4	1E-4	0
754	2.2E-4	1E-4	0
755	2E-4	1E-4	0
756	2E-4	1E-4	0
757	2E-4	1E-4	0
758	2E-4	1E-4	0
759	2E-4	1E-4	0
760	2E-4	1E-4	0
761	1.8E-4	8E-5	0
762	1.6E-4	6E-5	0
763	1.4E-4	4E-5	0
764	1.2E-4	2E-5	0
765	1E-4	0	0
766	1E-4	0	0
767	1E-4	0	0
768	1E-4	0	0
769	1E-4	0	0
770	1E-4	0	0
771	1E-4	0	0
772	1E-4	0	0
773	1E-4	0	0
774	1E-4	0	0
775	1E-4	0	0
776	8E-5	0	0
777	6E-5	0	0
778	4E-5	0	0
779	2E-5	0	0
780	0	0	0
