360   0.8443
370   0.8473
380   0.8451
390   0.8414
400   0.8356
410   0.8281
420   0.8222
430   0.8170
440   0.8121
450   0.8086
460   0.8059
470   0.8040
480   0.8025
490   0.8024
500   0.8027
510   0.8028
520   0.8037
530   0.8051
540   0.8071
550   0.8094
560   0.8116
570   0.8146
580   0.8173
590   0.8197
600   0.8225
610   0.8253
620   0.8284
630   0.8319
640   0.8351
650   0.8383
660   0.8417
670   0.8448
680   0.8478
690   0.8512
700   0.8543
710   0.8572
720   0.8599
730   0.8631
740   0.8661